colonial_outland = {
	color = { 255 0 0 }
	
	provinces = { 
        #Hellfire Peninsula
		1586 1587 1588 1589 1590 1591 1592 1593 1594 1595 1596 1597 1598 1599 1602 2028 2029 2030 2031 2032 2033 2034 2035 
        #Zangarmarsh
		2049 1606 1605 1604 1603 1608 1607 1609 1610 2062 2063 1611 1617 2064 1612 1620 1614 1613 1615 1616 2065 2066 
        2474 2475 2476 2477 
        #Terokkar Forest
		1652 1641 1642 2048 1643 1658 2043 2042 2041 1644 1654 1645 2038 2040 1651 2039 1646 1647 1655 2044 1648 2047 1656 1649 1657 2046 1650 2045
        #Nagrand
		1633 1634 2051 2052 1638 1631 2050 1632 1636 1628 1627 1629 1630 1635 1621 1626 1625 1623 1622 1624 1637 
        #Shadowmoon Valley
		1661 1674 1662 1663 1676 1675 1668 1679 1669 1678 1664 1665 1666 2036 1672 1673 1677 2037 1670 1671 1667
        #Blade's Edge Mountains
		1619 1680 1681 1682 2053 1683 1684 1685 1686 1687 1688 1689 1690 2055 1692 1691 2054 1693 1694 1695 1696 1697 1699 1698 2101
        #Netherstorm
		1704 1702 1701 2056 1703 1710 2057 1709 2058 1706 1707 1708 1717 1716 1715 2059 1705 1711 1712 1713 2060 1714 2061 
	}
    names = {
		trigger = {
			tag = A16 # Stromgarde
		}
		
		name = "Honor Hold"
	}
    
	names = {
		trigger = {
			tag = A91 #Silvermoon
		}
		
		name = "Falcon Watch"
	}
	
	names = {
		trigger = {
			tag = A70 #Darkspear
		}
		
		name = "Zabra'jin"
	}
	
	names = {
		trigger = {
			tag = A56 #Exodar
		}
		
		name = "Omenai"
	}
    
    names = {
		trigger = {
			has_country_modifier = alliance_member
		}
		
		name = "Alliance Vanguard"
	}
    
    names = {
		trigger = {
			has_country_modifier = horde_member
		}
		
		name = "Horde Vanguard"
	}
    
    
	names = {
		name = "[Root.GetName]"
	}
}


colonial_northrend = {
    color = { 35 200 20 }
	
	provinces = { 
        983 510 1052 1019 1002 919 968 936 951 1260 1258 1261 1233 1259 881 900 866 850 1281 530 2117 2118 2116 2122 2121 2123 2120 2119 2125
        1282 708 834 862 2129 2126 2128 2127
        812 1283 955 796 781 748 545 733 529 982 509 768 1018 1051 713 563 634 599 583 679 935 995 2134 2131 2133 2132 2130
        559 766 578 826 595 939 1265 1264 971 762 877 692 916 526 1262 1263 2100 2098 2097 2115 2099
        846 1225 761 1266 827 1226 1269 726 523 947 1267 1268 930 895 1270 911 829 777 628 576 830 998 901 
        522 645 1278 1277 896 1229 728 1227 1279 894 946 1280 541 764 828 1228 753 1286 1291 
        1284 649 664 615 598 633 544 779 582 562 1285 1017 898 933 917 810 832 794 1287 
        967 950 849 833 811 795 767 712 732 695 780 747 865 899 880 1289 918  2111 2112 2113 2114 934
        706 1271 893 1272 1273 1276 1274 825 1275 
        1288 651 680 835 696 635 734 600 1290 584 564 546 882 769 749 782 714 867 851 2110 2102 2103 797 2104 2107 2106 2108 2105 2109
        2331 2332 2333 2334 2335 2336 2337 2338 2339 2340 2341 2342 2343 2344 2345 2346 2347 2348 2349 2350 2351 2352 2353 2354 2355 2356 2357 2358 
        2359 2360 2361 2362 2363 2364 2365 2366 2367 2368 2369 2370 2371 2372 2373 2374 2375 2376 2377 2378 2379 2380 2381 2382 2383 2384 2385 2386 
        2387 2388 2389 2390 2391 2392 2393 2394 2395 2396 2397 2398 2399 2400 2401 2402 2403 2404 2405 2406 2407 2408 2409 2410 2411 2412 2413 2414 
        2415 2416 2417 2418 2419 2420 2421 2422 2423 2424 2425 2426 2427 2428 2429 2430 2431 2432 2433 2434 2435 2436 2437 2438 2439 2440 2441 2442 
        2443 2444 2445 2446 2447 2448 2449 2450 2451 2452 2453 2454 2455 2456 2457 2458 2459 2460 2461 2462 2463 2464 2465 2466 2467 2468
        2478 2479 2480 2481 2482 2483 2484 2485 2486 2487 2488 2489 
        2490 2491 2492 2493 2494 2495 2496 2497 2498 2499 2500 2501 2502 2503
	}
	
    names = {
		trigger = {
			has_country_modifier = alliance_member
		}
		
		name = "Alliance Expeditionary Force"
	}
    
    names = {
		trigger = {
			has_country_modifier = horde_member
		}
		
		name = "Horde Expeditionary Force"
	}
    
	names = {
		name = "[Root.GetName]"
	}
}

colonial_pandaria = {
    color = { 133 105 34 }
	
	provinces = { 
        1800 1801 1802 1806
        1884 1885 1886 1887 1883 1882 1888 1891 1889 1890
        1920
        1734 1735 1720 2068 1738 1718 2069 1739 2067 2070 2071 1721 1740 2072 1722 1723 1726 1727 1725 2076 2079 2073 1724 1733 2077 2080 2075 2074
        1732 1729 1728 1730 1731 2078 1737 1719 1736
        1790 1786 1793 1804 1791 1792 1794 1796 1803 1795 1798 1797 1805 1799 1829
        1785 1773 1788 1775 1774 1776 1784 1777 1778 1779 1780 1781 1782 1787 1783 1789 
        1855 1838 1837 1844 1845 1836 1846 1834 1835 1847 1853 1848 1849 1851 1850 1833 1840 1852 1839 1854 1842 1841 1856 1857 1858 1832 1843
        1819 1823 1815 1817 1816 1814 1813 1821 1812 1824 1811 1818 1809 1810 1822 1820 1807 1808
        1859 1860 1874 1873 1872 1864 1875 1865 1866 1870 1876 1861 1862 1877 1863 1878 1871 1867 1880 1881 1879 1868 1869
        1898 1911 1912 1908 1897 1910 1896 1895 1919 1894 1909 1907 1917 1918 1899 1914 1900 1906 1828 1893 1916 1915 1901 1913 1902 1904 1903 1892
        1905
	}
	
    names = {
		trigger = {
			has_country_modifier = alliance_member
		}
		
		name = "Alliance Vanguard"
	}
    
    names = {
		trigger = {
			has_country_modifier = horde_member
		}
		
		name = "Horde Vanguard"
	}
    
	names = {
		name = "[Root.GetName]"
	}
}

colonial_maelstrom = {
    color = { 222 201 56 }
	
	provinces = { 
        1097 1098 1099 1100 1101 1109 1102 1104 1103 1105 1107 1106 
        2472 2471 2470 2469
        2508 2509
	}
	
    names = {
		trigger = {
			has_country_modifier = alliance_member
		}
		
		name = "Alliance Vanguard"
	}
    
    names = {
		trigger = {
			has_country_modifier = horde_member
		}
		
		name = "Horde Vanguard"
	}
    
	names = {
		name = "[Root.GetName]"
	}
}